N = 100000
regressing against normal vector

epoch 	 Training Loss 	 Test Loss 	 Mean pos error train 	 Mean Pos Error Test
1 	 0.0458 	  0.0292 	 0.0748 	 0.0605
2 	 0.0240 	  0.0215 	 0.0535 	 0.0500
3 	 0.0191 	  0.0173 	 0.0472 	 0.0453
4 	 0.0166 	  0.0163 	 0.0434 	 0.0414
5 	 0.0151 	  0.0147 	 0.0410 	 0.0387
6 	 0.0140 	  0.0149 	 0.0400 	 0.0392
7 	 0.0132 	  0.0133 	 0.0392 	 0.0382
8 	 0.0125 	  0.0141 	 0.0382 	 0.0368
9 	 0.0119 	  0.0125 	 0.0374 	 0.0364
10 	 0.0115 	  0.0124 	 0.0368 	 0.0385
11 	 0.0112 	  0.0117 	 0.0363 	 0.0356
12 	 0.0108 	  0.0122 	 0.0357 	 0.0357
13 	 0.0107 	  0.0119 	 0.0353 	 0.0340
14 	 0.0105 	  0.0114 	 0.0350 	 0.0354
15 	 0.0101 	  0.0112 	 0.0344 	 0.0327
16 	 0.0100 	  0.0107 	 0.0343 	 0.0324
17 	 0.0097 	  0.0112 	 0.0338 	 0.0366
18 	 0.0097 	  0.0102 	 0.0334 	 0.0336
19 	 0.0095 	  0.0100 	 0.0332 	 0.0323
20 	 0.0094 	  0.0101 	 0.0328 	 0.0324
21 	 0.0092 	  0.0101 	 0.0322 	 0.0316
22 	 0.0091 	  0.0099 	 0.0323 	 0.0327
23 	 0.0090 	  0.0096 	 0.0318 	 0.0309
24 	 0.0090 	  0.0102 	 0.0317 	 0.0312
25 	 0.0089 	  0.0101 	 0.0316 	 0.0318
26 	 0.0087 	  0.0094 	 0.0311 	 0.0312
27 	 0.0087 	  0.0096 	 0.0310 	 0.0313
28 	 0.0086 	  0.0100 	 0.0308 	 0.0302
29 	 0.0086 	  0.0097 	 0.0308 	 0.0302
30 	 0.0085 	  0.0095 	 0.0306 	 0.0301
31 	 0.0084 	  0.0098 	 0.0305 	 0.0320
32 	 0.0084 	  0.0095 	 0.0304 	 0.0318
33 	 0.0084 	  0.0093 	 0.0301 	 0.0323
34 	 0.0083 	  0.0096 	 0.0301 	 0.0274
35 	 0.0082 	  0.0089 	 0.0300 	 0.0347
36 	 0.0082 	  0.0092 	 0.0299 	 0.0297
37 	 0.0083 	  0.0094 	 0.0299 	 0.0290
38 	 0.0082 	  0.0099 	 0.0297 	 0.0299
39 	 0.0080 	  0.0094 	 0.0296 	 0.0297
40 	 0.0079 	  0.0098 	 0.0295 	 0.0309
41 	 0.0081 	  0.0091 	 0.0295 	 0.0300
42 	 0.0080 	  0.0092 	 0.0296 	 0.0317
43 	 0.0081 	  0.0095 	 0.0299 	 0.0321
44 	 0.0080 	  0.0091 	 0.0295 	 0.0286
45 	 0.0079 	  0.0090 	 0.0296 	 0.0310
46 	 0.0078 	  0.0090 	 0.0294 	 0.0277
47 	 0.0078 	  0.0095 	 0.0295 	 0.0317
48 	 0.0078 	  0.0092 	 0.0295 	 0.0321
49 	 0.0078 	  0.0096 	 0.0295 	 0.0318
50 	 0.0077 	  0.0100 	 0.0294 	 0.0289
51 	 0.0077 	  0.0093 	 0.0293 	 0.0280
52 	 0.0077 	  0.0097 	 0.0294 	 0.0314
53 	 0.0077 	  0.0093 	 0.0295 	 0.0323
54 	 0.0077 	  0.0086 	 0.0296 	 0.0284
55 	 0.0077 	  0.0087 	 0.0295 	 0.0283
56 	 0.0076 	  0.0092 	 0.0295 	 0.0303
57 	 0.0076 	  0.0093 	 0.0295 	 0.0315
58 	 0.0076 	  0.0085 	 0.0296 	 0.0283
59 	 0.0076 	  0.0095 	 0.0295 	 0.0320
60 	 0.0077 	  0.0091 	 0.0299 	 0.0277
61 	 0.0075 	  0.0092 	 0.0294 	 0.0285
62 	 0.0075 	  0.0089 	 0.0293 	 0.0307
63 	 0.0076 	  0.0095 	 0.0295 	 0.0301
64 	 0.0075 	  0.0088 	 0.0295 	 0.0295
65 	 0.0075 	  0.0091 	 0.0294 	 0.0295
66 	 0.0075 	  0.0088 	 0.0297 	 0.0283
67 	 0.0075 	  0.0086 	 0.0296 	 0.0284
68 	 0.0075 	  0.0087 	 0.0296 	 0.0286
69 	 0.0076 	  0.0093 	 0.0294 	 0.0297
70 	 0.0074 	  0.0088 	 0.0294 	 0.0287
71 	 0.0074 	  0.0089 	 0.0293 	 0.0287
72 	 0.0073 	  0.0089 	 0.0295 	 0.0295
73 	 0.0074 	  0.0091 	 0.0294 	 0.0281
74 	 0.0074 	  0.0091 	 0.0296 	 0.0299
75 	 0.0073 	  0.0087 	 0.0295 	 0.0283
76 	 0.0074 	  0.0089 	 0.0297 	 0.0284
77 	 0.0073 	  0.0091 	 0.0296 	 0.0303
78 	 0.0073 	  0.0090 	 0.0296 	 0.0306
79 	 0.0075 	  0.0085 	 0.0297 	 0.0323
80 	 0.0073 	  0.0088 	 0.0295 	 0.0306
81 	 0.0073 	  0.0091 	 0.0296 	 0.0297
82 	 0.0073 	  0.0088 	 0.0298 	 0.0298
83 	 0.0073 	  0.0089 	 0.0296 	 0.0287
84 	 0.0073 	  0.0094 	 0.0297 	 0.0316
85 	 0.0073 	  0.0090 	 0.0297 	 0.0295
86 	 0.0072 	  0.0090 	 0.0298 	 0.0301
87 	 0.0073 	  0.0088 	 0.0295 	 0.0296
88 	 0.0073 	  0.0085 	 0.0296 	 0.0298
89 	 0.0073 	  0.0088 	 0.0298 	 0.0286
90 	 0.0072 	  0.0088 	 0.0297 	 0.0298
91 	 0.0072 	  0.0091 	 0.0297 	 0.0293
92 	 0.0072 	  0.0085 	 0.0298 	 0.0322
93 	 0.0071 	  0.0086 	 0.0296 	 0.0294
94 	 0.0072 	  0.0087 	 0.0297 	 0.0313
95 	 0.0071 	  0.0096 	 0.0296 	 0.0296
96 	 0.0072 	  0.0089 	 0.0295 	 0.0289
97 	 0.0071 	  0.0088 	 0.0296 	 0.0318
98 	 0.0072 	  0.0089 	 0.0297 	 0.0299
99 	 0.0071 	  0.0085 	 0.0296 	 0.0301
100 	 0.0073 	  0.0092 	 0.0297 	 0.0318
101 	 0.0072 	  0.0090 	 0.0297 	 0.0299
102 	 0.0072 	  0.0092 	 0.0297 	 0.0290
103 	 0.0071 	  0.0087 	 0.0297 	 0.0286
104 	 0.0072 	  0.0085 	 0.0299 	 0.0279
105 	 0.0071 	  0.0093 	 0.0297 	 0.0326
106 	 0.0071 	  0.0088 	 0.0298 	 0.0300
107 	 0.0070 	  0.0089 	 0.0297 	 0.0293
108 	 0.0070 	  0.0087 	 0.0296 	 0.0316
109 	 0.0071 	  0.0088 	 0.0296 	 0.0301
110 	 0.0070 	  0.0088 	 0.0296 	 0.0287
111 	 0.0070 	  0.0089 	 0.0299 	 0.0298
112 	 0.0071 	  0.0085 	 0.0297 	 0.0317
113 	 0.0071 	  0.0089 	 0.0300 	 0.0301
114 	 0.0071 	  0.0084 	 0.0297 	 0.0289
115 	 0.0071 	  0.0085 	 0.0296 	 0.0277
116 	 0.0070 	  0.0087 	 0.0296 	 0.0278
117 	 0.0071 	  0.0092 	 0.0299 	 0.0331
118 	 0.0070 	  0.0084 	 0.0297 	 0.0316
119 	 0.0070 	  0.0087 	 0.0298 	 0.0340
120 	 0.0069 	  0.0085 	 0.0299 	 0.0302
121 	 0.0071 	  0.0088 	 0.0300 	 0.0292
122 	 0.0070 	  0.0086 	 0.0299 	 0.0326
123 	 0.0070 	  0.0091 	 0.0298 	 0.0284
124 	 0.0069 	  0.0085 	 0.0298 	 0.0311
125 	 0.0070 	  0.0088 	 0.0300 	 0.0315
126 	 0.0071 	  0.0089 	 0.0299 	 0.0304
127 	 0.0070 	  0.0091 	 0.0301 	 0.0292
128 	 0.0070 	  0.0086 	 0.0297 	 0.0308
129 	 0.0070 	  0.0090 	 0.0299 	 0.0339
130 	 0.0069 	  0.0089 	 0.0298 	 0.0289
131 	 0.0070 	  0.0091 	 0.0299 	 0.0339
132 	 0.0070 	  0.0086 	 0.0302 	 0.0294
133 	 0.0070 	  0.0086 	 0.0298 	 0.0286
134 	 0.0070 	  0.0089 	 0.0298 	 0.0288
135 	 0.0069 	  0.0088 	 0.0300 	 0.0327
136 	 0.0070 	  0.0085 	 0.0301 	 0.0296
137 	 0.0070 	  0.0087 	 0.0299 	 0.0274
138 	 0.0069 	  0.0090 	 0.0299 	 0.0312
139 	 0.0069 	  0.0091 	 0.0299 	 0.0315
140 	 0.0070 	  0.0089 	 0.0298 	 0.0305
141 	 0.0070 	  0.0089 	 0.0302 	 0.0318
142 	 0.0070 	  0.0092 	 0.0301 	 0.0290
143 	 0.0070 	  0.0090 	 0.0298 	 0.0312
144 	 0.0070 	  0.0090 	 0.0300 	 0.0293
145 	 0.0070 	  0.0088 	 0.0300 	 0.0286
146 	 0.0069 	  0.0087 	 0.0299 	 0.0293
147 	 0.0069 	  0.0087 	 0.0299 	 0.0299
148 	 0.0070 	  0.0086 	 0.0299 	 0.0302
149 	 0.0070 	  0.0088 	 0.0301 	 0.0311
150 	 0.0070 	  0.0090 	 0.0298 	 0.0319
151 	 0.0070 	  0.0089 	 0.0301 	 0.0306
152 	 0.0069 	  0.0090 	 0.0301 	 0.0295
153 	 0.0069 	  0.0085 	 0.0298 	 0.0319
154 	 0.0070 	  0.0086 	 0.0301 	 0.0302
155 	 0.0069 	  0.0085 	 0.0301 	 0.0304
156 	 0.0069 	  0.0090 	 0.0300 	 0.0299
157 	 0.0068 	  0.0086 	 0.0300 	 0.0297
158 	 0.0069 	  0.0086 	 0.0302 	 0.0308
159 	 0.0069 	  0.0086 	 0.0301 	 0.0291
160 	 0.0069 	  0.0087 	 0.0300 	 0.0279
161 	 0.0069 	  0.0089 	 0.0301 	 0.0289
162 	 0.0069 	  0.0086 	 0.0302 	 0.0339
163 	 0.0069 	  0.0090 	 0.0300 	 0.0285
164 	 0.0068 	  0.0087 	 0.0301 	 0.0305
165 	 0.0068 	  0.0087 	 0.0300 	 0.0296
166 	 0.0068 	  0.0085 	 0.0300 	 0.0323
167 	 0.0068 	  0.0089 	 0.0301 	 0.0335
168 	 0.0069 	  0.0091 	 0.0302 	 0.0296
169 	 0.0069 	  0.0090 	 0.0300 	 0.0305
170 	 0.0070 	  0.0088 	 0.0301 	 0.0311
171 	 0.0069 	  0.0089 	 0.0299 	 0.0301
172 	 0.0069 	  0.0088 	 0.0302 	 0.0300
173 	 0.0069 	  0.0087 	 0.0300 	 0.0291
174 	 0.0068 	  0.0090 	 0.0301 	 0.0295
175 	 0.0070 	  0.0088 	 0.0301 	 0.0338
176 	 0.0069 	  0.0087 	 0.0302 	 0.0295
177 	 0.0069 	  0.0091 	 0.0300 	 0.0304
178 	 0.0069 	  0.0089 	 0.0301 	 0.0285
179 	 0.0069 	  0.0086 	 0.0303 	 0.0309
180 	 0.0069 	  0.0088 	 0.0302 	 0.0293
181 	 0.0068 	  0.0087 	 0.0302 	 0.0288
182 	 0.0069 	  0.0087 	 0.0303 	 0.0276
183 	 0.0069 	  0.0089 	 0.0300 	 0.0312
184 	 0.0068 	  0.0087 	 0.0303 	 0.0291
185 	 0.0068 	  0.0091 	 0.0300 	 0.0318
186 	 0.0068 	  0.0092 	 0.0301 	 0.0287
187 	 0.0069 	  0.0086 	 0.0301 	 0.0329
188 	 0.0068 	  0.0091 	 0.0301 	 0.0293
189 	 0.0068 	  0.0085 	 0.0300 	 0.0296
190 	 0.0069 	  0.0089 	 0.0301 	 0.0309
191 	 0.0068 	  0.0085 	 0.0303 	 0.0323
192 	 0.0068 	  0.0087 	 0.0302 	 0.0297
193 	 0.0068 	  0.0090 	 0.0302 	 0.0307
194 	 0.0067 	  0.0088 	 0.0303 	 0.0301
195 	 0.0068 	  0.0089 	 0.0302 	 0.0287
196 	 0.0067 	  0.0087 	 0.0303 	 0.0324
197 	 0.0069 	  0.0087 	 0.0303 	 0.0316
198 	 0.0068 	  0.0087 	 0.0303 	 0.0299
199 	 0.0068 	  0.0089 	 0.0304 	 0.0297
200 	 0.0068 	  0.0088 	 0.0303 	 0.0320
